<!-- MyShop -->
<svg viewBox="0 0 18 18" xmlns="http://www.w3.org/2000/svg">
<path d="M 3.971 1.373 C 4.161 1.137 4.439 1 4.731 1 L 13.271 1 C 13.563 1 13.841 1.137 14.031 1.373 L 16.64 3.62 C 16.873 3.91 17.001 4.279 17.001 4.661 L 17.001 4.933 C 17.001 6.883 15.022 8.102 13.439 7.127 C 13.173 6.964 12.939 6.747 12.751 6.489 C 12.301 7.106 11.609 7.468 10.876 7.467 C 10.143 7.468 9.451 7.106 9.001 6.489 C 8.551 7.106 7.859 7.468 7.126 7.467 C 6.393 7.468 5.701 7.106 5.251 6.489 C 4.129 8.028 1.865 7.695 1.176 5.888 C 1.06 5.585 1.001 5.261 1.001 4.933 L 1.001 4.661 C 1.001 4.279 1.129 3.91 1.362 3.62 L 3.971 1.373 Z M 5.751 4.933 C 5.751 6.062 6.897 6.768 7.814 6.204 C 8.239 5.941 8.501 5.457 8.501 4.933 C 8.501 4.523 8.918 4.267 9.251 4.471 C 9.406 4.566 9.501 4.742 9.501 4.933 C 9.501 6.062 10.647 6.768 11.564 6.204 C 11.989 5.941 12.251 5.457 12.251 4.933 C 12.251 4.523 12.668 4.267 13.001 4.471 C 13.156 4.566 13.251 4.742 13.251 4.933 C 13.251 6.062 14.397 6.768 15.314 6.204 C 15.739 5.941 16.001 5.457 16.001 4.933 L 16.001 4.661 C 16.001 4.534 15.958 4.412 15.881 4.315 L 13.271 2.067 L 4.731 2.067 L 2.121 4.315 C 2.044 4.412 2.001 4.534 2.001 4.661 L 2.001 4.933 C 2.001 6.062 3.147 6.768 4.064 6.204 C 4.489 5.941 4.751 5.457 4.751 4.933 C 4.751 4.523 5.168 4.267 5.501 4.471 C 5.656 4.566 5.751 4.742 5.751 4.933 M 2.501 8 C 2.777 8 15.418 7.867 15.751 8.071 C 15.906 8.166 16.001 8.342 16.001 8.533 L 16.001 15.933 L 16.501 15.933 C 16.886 15.933 17.126 16.378 16.934 16.733 C 16.845 16.899 16.68 17 16.501 17 L 1.501 17 C 1.116 17 0.876 16.555 1.068 16.2 C 1.157 16.035 1.322 15.933 1.501 15.933 L 2.001 15.933 L 2.001 8.533 C 2.001 8.239 2.225 8 2.501 8"></path>
</svg>

<svg viewBox="0 0 18 18" xmlns="http://www.w3.org/2000/svg">
<path d="M 3.971 1.373 C 4.161 1.137 4.439 1 4.731 1 L 13.271 1 C 13.563 1 13.841 1.137 14.031 1.373 L 16.64 4.62 C 16.873 4.91 17.001 5.279 17.001 5.661 L 17.001 5.933 C 17.001 7.883 15.022 9.102 13.439 8.127 C 13.173 7.964 12.939 7.747 12.751 7.489 C 12.301 8.106 11.609 8.468 10.876 8.467 C 10.143 8.468 9.451 8.106 9.001 7.489 C 8.551 8.106 7.859 8.468 7.126 8.467 C 6.393 8.468 5.701 8.106 5.251 7.489 C 4.129 9.028 1.865 8.695 1.176 6.888 C 1.06 6.585 1.001 6.261 1.001 5.933 L 1.001 5.661 C 1.001 5.279 1.129 4.91 1.362 4.62 L 3.971 1.373 Z M 5.751 5.933 C 5.751 7.062 6.897 7.768 7.814 7.204 C 8.239 6.941 8.501 6.457 8.501 5.933 C 8.501 5.523 8.918 5.267 9.251 5.471 C 9.406 5.566 9.501 5.742 9.501 5.933 C 9.501 7.062 10.647 7.768 11.564 7.204 C 11.989 6.941 12.251 6.457 12.251 5.933 C 12.251 5.523 12.668 5.267 13.001 5.471 C 13.156 5.566 13.251 5.742 13.251 5.933 C 13.251 7.062 14.397 7.768 15.314 7.204 C 15.739 6.941 16.001 6.457 16.001 5.933 L 16.001 5.661 C 16.001 5.534 15.958 5.412 15.881 5.315 L 13.271 2.067 L 4.731 2.067 L 2.121 5.315 C 2.044 5.412 2.001 5.534 2.001 5.661 L 2.001 5.933 C 2.001 7.062 3.147 7.768 4.064 7.204 C 4.489 6.941 4.751 6.457 4.751 5.933 C 4.751 5.523 5.168 5.267 5.501 5.471 C 5.656 5.566 5.751 5.742 5.751 5.933 M 2.501 9 C 2.777 9 3.001 9.239 3.001 9.533 L 3.001 15.933 L 4.001 15.933 L 4.001 10.6 C 4.001 10.011 4.449 9.533 5.001 9.533 L 8.001 9.533 C 8.553 9.533 9.001 10.011 9.001 10.6 L 9.001 15.933 L 15.001 15.933 L 15.001 9.533 C 15.001 9.123 15.418 8.867 15.751 9.071 C 15.906 9.166 16.001 9.342 16.001 9.533 L 16.001 15.933 L 16.501 15.933 C 16.886 15.933 17.126 16.378 16.934 16.733 C 16.845 16.899 16.68 17 16.501 17 L 1.501 17 C 1.116 17 0.876 16.555 1.068 16.2 C 1.157 16.035 1.322 15.933 1.501 15.933 L 2.001 15.933 L 2.001 9.533 C 2.001 9.239 2.225 9 2.501 9 M 5.001 15.933 L 8.001 15.933 L 8.001 10.6 L 5.001 10.6 L 5.001 15.933 Z M 10.001 10.6 C 10.001 10.011 10.449 9.533 11.001 9.533 L 13.001 9.533 C 13.553 9.533 14.001 10.011 14.001 10.6 L 14.001 13.8 C 14.001 14.389 13.553 14.867 13.001 14.867 L 11.001 14.867 C 10.449 14.867 10.001 14.389 10.001 13.8 L 10.001 10.6 Z M 13.001 10.6 L 11.001 10.6 L 11.001 13.8 L 13.001 13.8 L 13.001 10.6 Z"></path>
</svg>

<!-- Sales -->
<svg viewBox="0 0 18 18" xmlns="http://www.w3.org/2000/svg">
<path d="M 9 2.083 C 8.015 1.049 6.587 0.895 5.287 1.054 C 3.773 1.241 2.245 1.874 1.293 2.403 C 1.115 2.502 1 2.719 1 2.958 L 1 16.389 C 1 16.833 1.376 17.128 1.707 16.944 C 2.589 16.456 4.01 15.868 5.387 15.699 C 6.796 15.525 7.977 15.805 8.61 16.77 C 8.81 17.075 9.19 17.075 9.39 16.77 C 10.023 15.805 11.204 15.525 12.612 15.699 C 13.99 15.868 15.412 16.456 16.293 16.944 C 16.624 17.128 17 16.833 17 16.389 L 17 2.958 C 17 2.719 16.885 2.502 16.707 2.403 C 15.755 1.874 14.227 1.241 12.713 1.054 C 11.413 0.894 9.985 1.049 9 2.083"></path>
</svg>

<!-- Stock -->
<svg viewBox="0 0 18 18" xmlns="http://www.w3.org/2000/svg">
<path fill-rule="evenodd" d="M 11.286 2.5 C 11.286 2.224 11.03 2 10.714 2 L 7.286 2 C 6.97 2 6.714 2.224 6.714 2.5 L 6.714 3.5 C 6.714 3.776 6.97 4 7.286 4 L 10.714 4 C 11.03 4 11.286 3.776 11.286 3.5 L 11.286 2.5 Z M 5.571 2.5 C 5.571 1.672 6.339 1 7.286 1 L 10.714 1 C 11.661 1 12.429 1.672 12.429 2.5 L 12.429 3.5 C 12.429 4.328 11.661 5 10.714 5 L 7.286 5 C 6.339 5 5.571 4.328 5.571 3.5 L 5.571 2.5 Z M 3.286 2.5 L 4.429 2.5 L 4.429 3.5 C 4.429 4.881 5.708 6 7.286 6 L 10.714 6 C 12.292 6 13.571 4.881 13.571 3.5 L 13.571 2.5 L 14.714 2.5 C 15.977 2.5 17 3.395 17 4.5 L 17 15 C 17 16.105 15.977 17 14.714 17 L 3.286 17 C 2.023 17 1 16.105 1 15 L 1 4.5 C 1 3.395 2.023 2.5 3.286 2.5"></path>
</svg>

<!-- Repos -->
<svg viewBox="0 0 18 18" xmlns="http://www.w3.org/2000/svg">
    <path d="M 10.872 3.462 L 14.951 3.462 C 16.155 3.462 17.101 4.705 16.991 6.146 L 16.339 14.761 C 16.243 16.029 15.359 17 14.3 17 L 3.7 17 C 2.641 17 1.757 16.029 1.661 14.761 L 1.008 6.146 C 0.965 5.576 1.089 5.006 1.358 4.534 L 1.318 3.462 C 1.318 2.102 2.236 1 3.367 1 L 7.128 1 C 7.671 1 8.192 1.26 8.576 1.721 L 9.424 2.74 C 9.808 3.202 10.33 3.462 10.872 3.462 M 2.349 3.609 C 2.569 3.512 2.803 3.463 3.049 3.462 L 8.576 3.462 L 7.852 2.591 C 7.66 2.36 7.399 2.231 7.128 2.231 L 3.367 2.231 C 2.809 2.231 2.353 2.767 2.343 3.438 L 2.349 3.609 Z"></path>
</svg>

<svg viewBox="0 0 16 16" xmlns="http://www.w3.org/2000/svg">
    <path d="M7.5 3.75a.75.75 0 1 1-1.5 0 .75.75 0 0 1 1.5 0m-.861 1.542 1.33.886 1.854-1.855a.25.25 0 0 1 .289-.047L11 4.75V7a.5.5 0 0 1-.5.5h-5A.5.5 0 0 1 5 7v-.5s1.54-1.274 1.639-1.208M5 9.5a.5.5 0 0 1 .5-.5h5a.5.5 0 0 1 0 1h-5a.5.5 0 0 1-.5-.5m0 2a.5.5 0 0 1 .5-.5h2a.5.5 0 0 1 0 1h-2a.5.5 0 0 1-.5-.5"/>
    <path d="M3 0h10a2 2 0 0 1 2 2v12a2 2 0 0 1-2 2H3a2 2 0 0 1-2-2v-1h1v1a1 1 0 0 0 1 1h10a1 1 0 0 0 1-1V2a1 1 0 0 0-1-1H3a1 1 0 0 0-1 1v1H1V2a2 2 0 0 1 2-2"/>
    <path d="M1 5v-.5a.5.5 0 0 1 1 0V5h.5a.5.5 0 0 1 0 1h-2a.5.5 0 0 1 0-1zm0 3v-.5a.5.5 0 0 1 1 0V8h.5a.5.5 0 0 1 0 1h-2a.5.5 0 0 1 0-1zm0 3v-.5a.5.5 0 0 1 1 0v.5h.5a.5.5 0 0 1 0 1h-2a.5.5 0 0 1 0-1z"/>
</svg>

<svg viewBox="0 0 16 16" xmlns="http://www.w3.org/2000/svg">
    <path d="M8 5.5a.5.5 0 0 1 .5.5v1.5H10a.5.5 0 0 1 0 1H8.5V10a.5.5 0 0 1-1 0V8.5H6a.5.5 0 0 1 0-1h1.5V6a.5.5 0 0 1 .5-.5"/>
    <path d="M3 0h10a2 2 0 0 1 2 2v12a2 2 0 0 1-2 2H3a2 2 0 0 1-2-2v-1h1v1a1 1 0 0 0 1 1h10a1 1 0 0 0 1-1V2a1 1 0 0 0-1-1H3a1 1 0 0 0-1 1v1H1V2a2 2 0 0 1 2-2"/>
    <path d="M1 5v-.5a.5.5 0 0 1 1 0V5h.5a.5.5 0 0 1 0 1h-2a.5.5 0 0 1 0-1zm0 3v-.5a.5.5 0 0 1 1 0V8h.5a.5.5 0 0 1 0 1h-2a.5.5 0 0 1 0-1zm0 3v-.5a.5.5 0 0 1 1 0v.5h.5a.5.5 0 0 1 0 1h-2a.5.5 0 0 1 0-1z"/>
</svg>